0.006096
0.000434
0.000256
0.000192
0.000148
0.000136
0.000128
0.000122
0.000115
0.000106
0.000100
0.000102
0.000120
0.000157
0.000209
0.000267
0.000323
0.000369
0.000401
0.000422
0.000441
0.000463
0.000483
0.000499
0.000513
0.000528
0.000544
0.000563
0.000585
0.000612
0.000642
0.000678
0.000721
0.000771
0.000830
0.000896
0.000971
0.001056
0.001153
0.001260
0.001377
0.001506
0.001650
0.001810
0.001985
0.002174
0.002375
0.002582
0.002794
0.003012
0.003255
0.003517
0.003782
0.004045
0.004318
0.004619
0.004965
0.005366
0.005830
0.006358
0.006961
0.007624
0.008322
0.009046
0.009822
0.010698
0.011702
0.012832
0.014103
0.015526
0.017163
0.018987
0.020922
0.022951
0.025147
0.027709
0.030659
0.033861
0.037311
0.041132
0.045561
0.050698
0.056486
0.062971
0.070259
0.078471
0.087713
0.098064
0.109578
0.122283
0.136190
0.151300
0.167602
0.185078
0.203700
0.222541
0.241317
0.259716
0.277409
0.294054
0.311697
0.330399
0.350223
0.371236
0.393510
0.417121
0.442148
0.468677
0.496798
0.526605
0.558202
0.591694
0.627196
0.664827
0.704717
0.747000
0.789422
0.828894
0.870338
0.913855